1000916451328
861323919360
1186111422464
1369447858176
979213156352
1223549386752
876246990848
1146505265152
1099244830720
1382832013312
1068836585472
817833771008
1134165491712
1236575977472
1354527932416
1196397953024
1166002618368
989516333056
1392897163264
1157177671680
939329454080
1641225781248
1046256287744
1212268412928
903129595904
857052217344
1099182964736
1240032215040
1106289623040
1142676258816
1352201535488
1023290507264
953102827520
980239122432
1170808504320
1062668009472
1107179864064
1161303949312
1045677015040
1157461049344
882882576384
1180657778688
925666377728
944094445568
1404172763136
1140610695168
1114724761600
1120740442112
1034346692608
1155615031296
1031274889216
907232346112
1111002710016
1078589325312
827278426112
1107214073856
929981005824
1418662379520
990681956352
1184136560640
1104621469696
1125134893056
889090080768
1227988533248
1791550947328
870147358720
1238174400512
1126330925056
715078041600
1494549528576
989733584896
891737866240
1512149614592
696118804480
744834727936
919205117952
1156147052544
825009373184
743321632768
854199042048
651261771776
969836724224
1392674996224
1557545746432
1004239912960
1175512023040
975398240256
1133496631296
1179790737408
827194474496
931343040512
1171318898688
956751413248
929966456832
1139216089088
799735218176
1055162368000
900734648320
1270482731008
651576410112
613905137664
944692068352
1046213492736
1005030670336
626352586752
381623435264
619292983296
257048772608
1023051890688
1618035998720
1272609243136
1274464043008
1060939497472
1059883909120
496337354752
965240553472
737582252032
564167507968
1035667111936
979123175424
1099224449024
931316170752
823758422016
1052581101568
1205340864512
831030558720
723193364480
734472503296
