-19244392448
-1544294144
-22819850240
54975299584
-40272605184
29308055552
46091751424
18053505024
38683852800
22315196416
-228908384256
-46042554368
-36751425536
-52769722368
-15609425920
15055860736
22054524928
-25802864640
7597396992
30930571264
-18719531008
-7858510336
34880294912
38134300672
-41157287936
50624065536
40959574016
-55514079232
68700737536
38938206208
-23164176384
19599398912
153662504960
1734603392
-59867344896
-40208990208
6964672000
25158277120
-20614617088
29785589760
28973864960
-23914078208
-2419483392
100347396096
-25468897280
-66915024896
19525378048
22379919360
-28239380480
-130655576064
-21336399872
-58152361984
-18853427200
-42132099072
96322551808
-42802266112
22811588608
-8197414912
-77527597056
10787538944
10170506240
-16173075456
-62999908
-10780975104
