-122717962240
195595698176
182666018816
-182743531520
65162629120
386318925824
431626977280
-474428768
-230831407104
-570438385664
352957071360
-366134722560
56442003456
-9798637568
1559672576
-112705495040
127457730560
-179824312320
-531792986112
-389862129664
551638925312
-676990550016
233104523264
167026229248
142399078400
-26763208704
-864912146432
-12625045504
-72311308288
-9219536896
-384070811648
209463476224
-235865391104
-12515625984
93988691968
-708577722368
155917991936
96160923648
-48236965888
-519873855488
-170348838912
-39800315904
-203505532928
-564342226944
30762289152
394158899200
62856011776
434056101888
64592363520
18850109440
-209461805056
-187530919936
508307505152
25990289408
-229105811456
446577475584
498045091840
119730282496
-44223389696
-56989270016
-272254681088
40233213952
252949823488
33196773376
